Time:0
Waiting clients:(2,3,7),(9,3,10),(12,5,6),(16,5,10),(7,6,9),(18,6,8),(20,6,5),(15,8,7),(1,10,5),(14,10,4),(5,12,6),(13,13,5),(17,14,6),(11,15,4),(8,17,10),(3,19,7),(4,19,3),(10,19,4),(19,19,8),(6,20,3),
Queue 0:closed 
Queue 1:closed 
Queue 2:closed 
Time:1
Waiting clients:(2,3,7),(9,3,10),(12,5,6),(16,5,10),(7,6,9),(18,6,8),(20,6,5),(15,8,7),(1,10,5),(14,10,4),(5,12,6),(13,13,5),(17,14,6),(11,15,4),(8,17,10),(3,19,7),(4,19,3),(10,19,4),(19,19,8),(6,20,3),
Queue 0:closed 
Queue 1:closed 
Queue 2:closed 
Time:2
Waiting clients:(2,3,7),(9,3,10),(12,5,6),(16,5,10),(7,6,9),(18,6,8),(20,6,5),(15,8,7),(1,10,5),(14,10,4),(5,12,6),(13,13,5),(17,14,6),(11,15,4),(8,17,10),(3,19,7),(4,19,3),(10,19,4),(19,19,8),(6,20,3),
Queue 0:closed 
Queue 1:closed 
Queue 2:closed 
Time:3
Waiting clients:(2,3,7),(9,3,10),(12,5,6),(16,5,10),(7,6,9),(18,6,8),(20,6,5),(15,8,7),(1,10,5),(14,10,4),(5,12,6),(13,13,5),(17,14,6),(11,15,4),(8,17,10),(3,19,7),(4,19,3),(10,19,4),(19,19,8),(6,20,3),
Queue 0:closed 
Queue 1:closed 
Queue 2:closed 
Time:4
Waiting clients:(12,5,6),(16,5,10),(7,6,9),(18,6,8),(20,6,5),(15,8,7),(1,10,5),(14,10,4),(5,12,6),(13,13,5),(17,14,6),(11,15,4),(8,17,10),(3,19,7),(4,19,3),(10,19,4),(19,19,8),(6,20,3),
Queue 0:(2,3,7) 
Queue 1:(9,3,10) 
Queue 2:closed 
Time:5
Waiting clients:(12,5,6),(16,5,10),(7,6,9),(18,6,8),(20,6,5),(15,8,7),(1,10,5),(14,10,4),(5,12,6),(13,13,5),(17,14,6),(11,15,4),(8,17,10),(3,19,7),(4,19,3),(10,19,4),(19,19,8),(6,20,3),
Queue 0:(2,3,6) 
Queue 1:(9,3,9) 
Queue 2:closed 
Time:6
Waiting clients:(7,6,9),(18,6,8),(20,6,5),(15,8,7),(1,10,5),(14,10,4),(5,12,6),(13,13,5),(17,14,6),(11,15,4),(8,17,10),(3,19,7),(4,19,3),(10,19,4),(19,19,8),(6,20,3),
Queue 0:(2,3,5) (16,5,10) 
Queue 1:(9,3,8) 
Queue 2:(12,5,6) 
Time:7
Waiting clients:(15,8,7),(1,10,5),(14,10,4),(5,12,6),(13,13,5),(17,14,6),(11,15,4),(8,17,10),(3,19,7),(4,19,3),(10,19,4),(19,19,8),(6,20,3),
Queue 0:(2,3,4) (16,5,10) (20,6,5) 
Queue 1:(9,3,7) (7,6,9) 
Queue 2:(12,5,5) (18,6,8) 
Time:8
Waiting clients:(15,8,7),(1,10,5),(14,10,4),(5,12,6),(13,13,5),(17,14,6),(11,15,4),(8,17,10),(3,19,7),(4,19,3),(10,19,4),(19,19,8),(6,20,3),
Queue 0:(2,3,3) (16,5,10) (20,6,5) 
Queue 1:(9,3,6) (7,6,9) 
Queue 2:(12,5,4) (18,6,8) 
Time:9
Waiting clients:(1,10,5),(14,10,4),(5,12,6),(13,13,5),(17,14,6),(11,15,4),(8,17,10),(3,19,7),(4,19,3),(10,19,4),(19,19,8),(6,20,3),
Queue 0:(2,3,2) (16,5,10) (20,6,5) 
Queue 1:(9,3,5) (7,6,9) (15,8,7) 
Queue 2:(12,5,3) (18,6,8) 
Time:10
Waiting clients:(1,10,5),(14,10,4),(5,12,6),(13,13,5),(17,14,6),(11,15,4),(8,17,10),(3,19,7),(4,19,3),(10,19,4),(19,19,8),(6,20,3),
Queue 0:(2,3,1) (16,5,10) (20,6,5) 
Queue 1:(9,3,4) (7,6,9) (15,8,7) 
Queue 2:(12,5,2) (18,6,8) 
Time:11
Waiting clients:(5,12,6),(13,13,5),(17,14,6),(11,15,4),(8,17,10),(3,19,7),(4,19,3),(10,19,4),(19,19,8),(6,20,3),
Queue 0:(16,5,10) (20,6,5) (14,10,4) 
Queue 1:(9,3,3) (7,6,9) (15,8,7) 
Queue 2:(12,5,1) (18,6,8) (1,10,5) 
Time:12
Waiting clients:(5,12,6),(13,13,5),(17,14,6),(11,15,4),(8,17,10),(3,19,7),(4,19,3),(10,19,4),(19,19,8),(6,20,3),
Queue 0:(16,5,9) (20,6,5) (14,10,4) 
Queue 1:(9,3,2) (7,6,9) (15,8,7) 
Queue 2:(18,6,8) (1,10,5) 
Time:13
Waiting clients:(13,13,5),(17,14,6),(11,15,4),(8,17,10),(3,19,7),(4,19,3),(10,19,4),(19,19,8),(6,20,3),
Queue 0:(16,5,8) (20,6,5) (14,10,4) 
Queue 1:(9,3,1) (7,6,9) (15,8,7) (5,12,6) 
Queue 2:(18,6,7) (1,10,5) 
Time:14
Waiting clients:(17,14,6),(11,15,4),(8,17,10),(3,19,7),(4,19,3),(10,19,4),(19,19,8),(6,20,3),
Queue 0:(16,5,7) (20,6,5) (14,10,4) 
Queue 1:(7,6,9) (15,8,7) (5,12,6) 
Queue 2:(18,6,6) (1,10,5) (13,13,5) 
Time:15
Waiting clients:(11,15,4),(8,17,10),(3,19,7),(4,19,3),(10,19,4),(19,19,8),(6,20,3),
Queue 0:(16,5,6) (20,6,5) (14,10,4) (17,14,6) 
Queue 1:(7,6,8) (15,8,7) (5,12,6) 
Queue 2:(18,6,5) (1,10,5) (13,13,5) 
Time:16
Waiting clients:(8,17,10),(3,19,7),(4,19,3),(10,19,4),(19,19,8),(6,20,3),
Queue 0:(16,5,5) (20,6,5) (14,10,4) (17,14,6) 
Queue 1:(7,6,7) (15,8,7) (5,12,6) (11,15,4) 
Queue 2:(18,6,4) (1,10,5) (13,13,5) 
Time:17
Waiting clients:(8,17,10),(3,19,7),(4,19,3),(10,19,4),(19,19,8),(6,20,3),
Queue 0:(16,5,4) (20,6,5) (14,10,4) (17,14,6) 
Queue 1:(7,6,6) (15,8,7) (5,12,6) (11,15,4) 
Queue 2:(18,6,3) (1,10,5) (13,13,5) 
Time:18
Waiting clients:(3,19,7),(4,19,3),(10,19,4),(19,19,8),(6,20,3),
Queue 0:(16,5,3) (20,6,5) (14,10,4) (17,14,6) 
Queue 1:(7,6,5) (15,8,7) (5,12,6) (11,15,4) 
Queue 2:(18,6,2) (1,10,5) (13,13,5) (8,17,10) 
Time:19
Waiting clients:(3,19,7),(4,19,3),(10,19,4),(19,19,8),(6,20,3),
Queue 0:(16,5,2) (20,6,5) (14,10,4) (17,14,6) 
Queue 1:(7,6,4) (15,8,7) (5,12,6) (11,15,4) 
Queue 2:(18,6,1) (1,10,5) (13,13,5) (8,17,10) 
Time:20
Waiting clients:(6,20,3),
Queue 0:(16,5,1) (20,6,5) (14,10,4) (17,14,6) (3,19,7) (19,19,8) 
Queue 1:(7,6,3) (15,8,7) (5,12,6) (11,15,4) (4,19,3) 
Queue 2:(1,10,5) (13,13,5) (8,17,10) (10,19,4) 
Time:21
Waiting clients:
Queue 0:(20,6,5) (14,10,4) (17,14,6) (3,19,7) (19,19,8) 
Queue 1:(7,6,2) (15,8,7) (5,12,6) (11,15,4) (4,19,3) (6,20,3) 
Queue 2:(1,10,4) (13,13,5) (8,17,10) (10,19,4) 
Time:22
Waiting clients:
Queue 0:(20,6,4) (14,10,4) (17,14,6) (3,19,7) (19,19,8) 
Queue 1:(7,6,1) (15,8,7) (5,12,6) (11,15,4) (4,19,3) (6,20,3) 
Queue 2:(1,10,3) (13,13,5) (8,17,10) (10,19,4) 
Time:23
Waiting clients:
Queue 0:(20,6,3) (14,10,4) (17,14,6) (3,19,7) (19,19,8) 
Queue 1:(15,8,7) (5,12,6) (11,15,4) (4,19,3) (6,20,3) 
Queue 2:(1,10,2) (13,13,5) (8,17,10) (10,19,4) 
Time:24
Waiting clients:
Queue 0:(20,6,2) (14,10,4) (17,14,6) (3,19,7) (19,19,8) 
Queue 1:(15,8,6) (5,12,6) (11,15,4) (4,19,3) (6,20,3) 
Queue 2:(1,10,1) (13,13,5) (8,17,10) (10,19,4) 
