Time:0
Waiting clients:(41,2,2),(21,3,4),(9,4,4),(3,5,2),(10,7,3),(19,7,3),(17,8,3),(31,8,6),(44,8,2),(12,9,6),(24,9,6),(34,10,7),(8,11,2),(11,11,2),(40,12,5),(42,13,6),(18,14,2),(4,17,3),(22,17,1),(43,18,4),(50,18,1),(20,19,1),(27,20,7),(37,20,6),(39,23,1),(48,25,2),(1,27,2),(25,27,1),(14,29,7),(30,29,6),(38,29,6),(6,31,2),(16,31,3),(26,31,6),(47,31,3),(15,32,6),(29,32,6),(33,33,5),(2,35,2),(32,35,2),(5,36,1),(35,37,7),(46,37,3),(49,37,4),(7,39,6),(36,39,2),(13,40,6),(23,40,3),(28,40,4),(45,40,5),
Queue 0:closed 
Queue 1:closed 
Queue 2:closed 
Queue 3:closed 
Queue 4:closed 
Time:1
Waiting clients:(41,2,2),(21,3,4),(9,4,4),(3,5,2),(10,7,3),(19,7,3),(17,8,3),(31,8,6),(44,8,2),(12,9,6),(24,9,6),(34,10,7),(8,11,2),(11,11,2),(40,12,5),(42,13,6),(18,14,2),(4,17,3),(22,17,1),(43,18,4),(50,18,1),(20,19,1),(27,20,7),(37,20,6),(39,23,1),(48,25,2),(1,27,2),(25,27,1),(14,29,7),(30,29,6),(38,29,6),(6,31,2),(16,31,3),(26,31,6),(47,31,3),(15,32,6),(29,32,6),(33,33,5),(2,35,2),(32,35,2),(5,36,1),(35,37,7),(46,37,3),(49,37,4),(7,39,6),(36,39,2),(13,40,6),(23,40,3),(28,40,4),(45,40,5),
Queue 0:closed 
Queue 1:closed 
Queue 2:closed 
Queue 3:closed 
Queue 4:closed 
Time:2
Waiting clients:(41,2,2),(21,3,4),(9,4,4),(3,5,2),(10,7,3),(19,7,3),(17,8,3),(31,8,6),(44,8,2),(12,9,6),(24,9,6),(34,10,7),(8,11,2),(11,11,2),(40,12,5),(42,13,6),(18,14,2),(4,17,3),(22,17,1),(43,18,4),(50,18,1),(20,19,1),(27,20,7),(37,20,6),(39,23,1),(48,25,2),(1,27,2),(25,27,1),(14,29,7),(30,29,6),(38,29,6),(6,31,2),(16,31,3),(26,31,6),(47,31,3),(15,32,6),(29,32,6),(33,33,5),(2,35,2),(32,35,2),(5,36,1),(35,37,7),(46,37,3),(49,37,4),(7,39,6),(36,39,2),(13,40,6),(23,40,3),(28,40,4),(45,40,5),
Queue 0:closed 
Queue 1:closed 
Queue 2:closed 
Queue 3:closed 
Queue 4:closed 
Time:3
Waiting clients:(21,3,4),(9,4,4),(3,5,2),(10,7,3),(19,7,3),(17,8,3),(31,8,6),(44,8,2),(12,9,6),(24,9,6),(34,10,7),(8,11,2),(11,11,2),(40,12,5),(42,13,6),(18,14,2),(4,17,3),(22,17,1),(43,18,4),(50,18,1),(20,19,1),(27,20,7),(37,20,6),(39,23,1),(48,25,2),(1,27,2),(25,27,1),(14,29,7),(30,29,6),(38,29,6),(6,31,2),(16,31,3),(26,31,6),(47,31,3),(15,32,6),(29,32,6),(33,33,5),(2,35,2),(32,35,2),(5,36,1),(35,37,7),(46,37,3),(49,37,4),(7,39,6),(36,39,2),(13,40,6),(23,40,3),(28,40,4),(45,40,5),
Queue 0:(41,2,2) 
Queue 1:closed 
Queue 2:closed 
Queue 3:closed 
Queue 4:closed 
Time:4
Waiting clients:(9,4,4),(3,5,2),(10,7,3),(19,7,3),(17,8,3),(31,8,6),(44,8,2),(12,9,6),(24,9,6),(34,10,7),(8,11,2),(11,11,2),(40,12,5),(42,13,6),(18,14,2),(4,17,3),(22,17,1),(43,18,4),(50,18,1),(20,19,1),(27,20,7),(37,20,6),(39,23,1),(48,25,2),(1,27,2),(25,27,1),(14,29,7),(30,29,6),(38,29,6),(6,31,2),(16,31,3),(26,31,6),(47,31,3),(15,32,6),(29,32,6),(33,33,5),(2,35,2),(32,35,2),(5,36,1),(35,37,7),(46,37,3),(49,37,4),(7,39,6),(36,39,2),(13,40,6),(23,40,3),(28,40,4),(45,40,5),
Queue 0:(41,2,1) 
Queue 1:(21,3,4) 
Queue 2:closed 
Queue 3:closed 
Queue 4:closed 
Time:5
Waiting clients:(3,5,2),(10,7,3),(19,7,3),(17,8,3),(31,8,6),(44,8,2),(12,9,6),(24,9,6),(34,10,7),(8,11,2),(11,11,2),(40,12,5),(42,13,6),(18,14,2),(4,17,3),(22,17,1),(43,18,4),(50,18,1),(20,19,1),(27,20,7),(37,20,6),(39,23,1),(48,25,2),(1,27,2),(25,27,1),(14,29,7),(30,29,6),(38,29,6),(6,31,2),(16,31,3),(26,31,6),(47,31,3),(15,32,6),(29,32,6),(33,33,5),(2,35,2),(32,35,2),(5,36,1),(35,37,7),(46,37,3),(49,37,4),(7,39,6),(36,39,2),(13,40,6),(23,40,3),(28,40,4),(45,40,5),
Queue 0:closed 
Queue 1:(21,3,3) 
Queue 2:(9,4,4) 
Queue 3:closed 
Queue 4:closed 
Time:6
Waiting clients:(10,7,3),(19,7,3),(17,8,3),(31,8,6),(44,8,2),(12,9,6),(24,9,6),(34,10,7),(8,11,2),(11,11,2),(40,12,5),(42,13,6),(18,14,2),(4,17,3),(22,17,1),(43,18,4),(50,18,1),(20,19,1),(27,20,7),(37,20,6),(39,23,1),(48,25,2),(1,27,2),(25,27,1),(14,29,7),(30,29,6),(38,29,6),(6,31,2),(16,31,3),(26,31,6),(47,31,3),(15,32,6),(29,32,6),(33,33,5),(2,35,2),(32,35,2),(5,36,1),(35,37,7),(46,37,3),(49,37,4),(7,39,6),(36,39,2),(13,40,6),(23,40,3),(28,40,4),(45,40,5),
Queue 0:closed 
Queue 1:(21,3,2) 
Queue 2:(9,4,3) 
Queue 3:(3,5,2) 
Queue 4:closed 
Time:7
Waiting clients:(10,7,3),(19,7,3),(17,8,3),(31,8,6),(44,8,2),(12,9,6),(24,9,6),(34,10,7),(8,11,2),(11,11,2),(40,12,5),(42,13,6),(18,14,2),(4,17,3),(22,17,1),(43,18,4),(50,18,1),(20,19,1),(27,20,7),(37,20,6),(39,23,1),(48,25,2),(1,27,2),(25,27,1),(14,29,7),(30,29,6),(38,29,6),(6,31,2),(16,31,3),(26,31,6),(47,31,3),(15,32,6),(29,32,6),(33,33,5),(2,35,2),(32,35,2),(5,36,1),(35,37,7),(46,37,3),(49,37,4),(7,39,6),(36,39,2),(13,40,6),(23,40,3),(28,40,4),(45,40,5),
Queue 0:closed 
Queue 1:(21,3,1) 
Queue 2:(9,4,2) 
Queue 3:(3,5,1) 
Queue 4:closed 
Time:8
Waiting clients:(17,8,3),(31,8,6),(44,8,2),(12,9,6),(24,9,6),(34,10,7),(8,11,2),(11,11,2),(40,12,5),(42,13,6),(18,14,2),(4,17,3),(22,17,1),(43,18,4),(50,18,1),(20,19,1),(27,20,7),(37,20,6),(39,23,1),(48,25,2),(1,27,2),(25,27,1),(14,29,7),(30,29,6),(38,29,6),(6,31,2),(16,31,3),(26,31,6),(47,31,3),(15,32,6),(29,32,6),(33,33,5),(2,35,2),(32,35,2),(5,36,1),(35,37,7),(46,37,3),(49,37,4),(7,39,6),(36,39,2),(13,40,6),(23,40,3),(28,40,4),(45,40,5),
Queue 0:(19,7,3) 
Queue 1:closed 
Queue 2:(9,4,1) 
Queue 3:closed 
Queue 4:(10,7,3) 
Time:9
Waiting clients:(12,9,6),(24,9,6),(34,10,7),(8,11,2),(11,11,2),(40,12,5),(42,13,6),(18,14,2),(4,17,3),(22,17,1),(43,18,4),(50,18,1),(20,19,1),(27,20,7),(37,20,6),(39,23,1),(48,25,2),(1,27,2),(25,27,1),(14,29,7),(30,29,6),(38,29,6),(6,31,2),(16,31,3),(26,31,6),(47,31,3),(15,32,6),(29,32,6),(33,33,5),(2,35,2),(32,35,2),(5,36,1),(35,37,7),(46,37,3),(49,37,4),(7,39,6),(36,39,2),(13,40,6),(23,40,3),(28,40,4),(45,40,5),
Queue 0:(19,7,2) 
Queue 1:(17,8,3) 
Queue 2:(31,8,6) 
Queue 3:(44,8,2) 
Queue 4:(10,7,2) 
Time:10
Waiting clients:(34,10,7),(8,11,2),(11,11,2),(40,12,5),(42,13,6),(18,14,2),(4,17,3),(22,17,1),(43,18,4),(50,18,1),(20,19,1),(27,20,7),(37,20,6),(39,23,1),(48,25,2),(1,27,2),(25,27,1),(14,29,7),(30,29,6),(38,29,6),(6,31,2),(16,31,3),(26,31,6),(47,31,3),(15,32,6),(29,32,6),(33,33,5),(2,35,2),(32,35,2),(5,36,1),(35,37,7),(46,37,3),(49,37,4),(7,39,6),(36,39,2),(13,40,6),(23,40,3),(28,40,4),(45,40,5),
Queue 0:(19,7,1) (24,9,6) 
Queue 1:(17,8,2) 
Queue 2:(31,8,5) 
Queue 3:(44,8,1) 
Queue 4:(10,7,1) (12,9,6) 
Time:11
Waiting clients:(8,11,2),(11,11,2),(40,12,5),(42,13,6),(18,14,2),(4,17,3),(22,17,1),(43,18,4),(50,18,1),(20,19,1),(27,20,7),(37,20,6),(39,23,1),(48,25,2),(1,27,2),(25,27,1),(14,29,7),(30,29,6),(38,29,6),(6,31,2),(16,31,3),(26,31,6),(47,31,3),(15,32,6),(29,32,6),(33,33,5),(2,35,2),(32,35,2),(5,36,1),(35,37,7),(46,37,3),(49,37,4),(7,39,6),(36,39,2),(13,40,6),(23,40,3),(28,40,4),(45,40,5),
Queue 0:(24,9,6) 
Queue 1:(17,8,1) (34,10,7) 
Queue 2:(31,8,4) 
Queue 3:closed 
Queue 4:(12,9,6) 
Time:12
Waiting clients:(40,12,5),(42,13,6),(18,14,2),(4,17,3),(22,17,1),(43,18,4),(50,18,1),(20,19,1),(27,20,7),(37,20,6),(39,23,1),(48,25,2),(1,27,2),(25,27,1),(14,29,7),(30,29,6),(38,29,6),(6,31,2),(16,31,3),(26,31,6),(47,31,3),(15,32,6),(29,32,6),(33,33,5),(2,35,2),(32,35,2),(5,36,1),(35,37,7),(46,37,3),(49,37,4),(7,39,6),(36,39,2),(13,40,6),(23,40,3),(28,40,4),(45,40,5),
Queue 0:(24,9,5) 
Queue 1:(34,10,7) 
Queue 2:(31,8,3) (8,11,2) 
Queue 3:(11,11,2) 
Queue 4:(12,9,5) 
Time:13
Waiting clients:(42,13,6),(18,14,2),(4,17,3),(22,17,1),(43,18,4),(50,18,1),(20,19,1),(27,20,7),(37,20,6),(39,23,1),(48,25,2),(1,27,2),(25,27,1),(14,29,7),(30,29,6),(38,29,6),(6,31,2),(16,31,3),(26,31,6),(47,31,3),(15,32,6),(29,32,6),(33,33,5),(2,35,2),(32,35,2),(5,36,1),(35,37,7),(46,37,3),(49,37,4),(7,39,6),(36,39,2),(13,40,6),(23,40,3),(28,40,4),(45,40,5),
Queue 0:(24,9,4) 
Queue 1:(34,10,6) 
Queue 2:(31,8,2) (8,11,2) 
Queue 3:(11,11,1) 
Queue 4:(12,9,4) (40,12,5) 
Time:14
Waiting clients:(18,14,2),(4,17,3),(22,17,1),(43,18,4),(50,18,1),(20,19,1),(27,20,7),(37,20,6),(39,23,1),(48,25,2),(1,27,2),(25,27,1),(14,29,7),(30,29,6),(38,29,6),(6,31,2),(16,31,3),(26,31,6),(47,31,3),(15,32,6),(29,32,6),(33,33,5),(2,35,2),(32,35,2),(5,36,1),(35,37,7),(46,37,3),(49,37,4),(7,39,6),(36,39,2),(13,40,6),(23,40,3),(28,40,4),(45,40,5),
Queue 0:(24,9,3) (42,13,6) 
Queue 1:(34,10,5) 
Queue 2:(31,8,1) (8,11,2) 
Queue 3:closed 
Queue 4:(12,9,3) (40,12,5) 
Time:15
Waiting clients:(4,17,3),(22,17,1),(43,18,4),(50,18,1),(20,19,1),(27,20,7),(37,20,6),(39,23,1),(48,25,2),(1,27,2),(25,27,1),(14,29,7),(30,29,6),(38,29,6),(6,31,2),(16,31,3),(26,31,6),(47,31,3),(15,32,6),(29,32,6),(33,33,5),(2,35,2),(32,35,2),(5,36,1),(35,37,7),(46,37,3),(49,37,4),(7,39,6),(36,39,2),(13,40,6),(23,40,3),(28,40,4),(45,40,5),
Queue 0:(24,9,2) (42,13,6) 
Queue 1:(34,10,4) (18,14,2) 
Queue 2:(8,11,2) 
Queue 3:closed 
Queue 4:(12,9,2) (40,12,5) 
Time:16
Waiting clients:(4,17,3),(22,17,1),(43,18,4),(50,18,1),(20,19,1),(27,20,7),(37,20,6),(39,23,1),(48,25,2),(1,27,2),(25,27,1),(14,29,7),(30,29,6),(38,29,6),(6,31,2),(16,31,3),(26,31,6),(47,31,3),(15,32,6),(29,32,6),(33,33,5),(2,35,2),(32,35,2),(5,36,1),(35,37,7),(46,37,3),(49,37,4),(7,39,6),(36,39,2),(13,40,6),(23,40,3),(28,40,4),(45,40,5),
Queue 0:(24,9,1) (42,13,6) 
Queue 1:(34,10,3) (18,14,2) 
Queue 2:(8,11,1) 
Queue 3:closed 
Queue 4:(12,9,1) (40,12,5) 
Time:17
Waiting clients:(4,17,3),(22,17,1),(43,18,4),(50,18,1),(20,19,1),(27,20,7),(37,20,6),(39,23,1),(48,25,2),(1,27,2),(25,27,1),(14,29,7),(30,29,6),(38,29,6),(6,31,2),(16,31,3),(26,31,6),(47,31,3),(15,32,6),(29,32,6),(33,33,5),(2,35,2),(32,35,2),(5,36,1),(35,37,7),(46,37,3),(49,37,4),(7,39,6),(36,39,2),(13,40,6),(23,40,3),(28,40,4),(45,40,5),
Queue 0:(42,13,6) 
Queue 1:(34,10,2) (18,14,2) 
Queue 2:closed 
Queue 3:closed 
Queue 4:(40,12,5) 
Time:18
Waiting clients:(43,18,4),(50,18,1),(20,19,1),(27,20,7),(37,20,6),(39,23,1),(48,25,2),(1,27,2),(25,27,1),(14,29,7),(30,29,6),(38,29,6),(6,31,2),(16,31,3),(26,31,6),(47,31,3),(15,32,6),(29,32,6),(33,33,5),(2,35,2),(32,35,2),(5,36,1),(35,37,7),(46,37,3),(49,37,4),(7,39,6),(36,39,2),(13,40,6),(23,40,3),(28,40,4),(45,40,5),
Queue 0:(42,13,5) 
Queue 1:(34,10,1) (18,14,2) 
Queue 2:(4,17,3) 
Queue 3:(22,17,1) 
Queue 4:(40,12,4) 
Time:19
Waiting clients:(20,19,1),(27,20,7),(37,20,6),(39,23,1),(48,25,2),(1,27,2),(25,27,1),(14,29,7),(30,29,6),(38,29,6),(6,31,2),(16,31,3),(26,31,6),(47,31,3),(15,32,6),(29,32,6),(33,33,5),(2,35,2),(32,35,2),(5,36,1),(35,37,7),(46,37,3),(49,37,4),(7,39,6),(36,39,2),(13,40,6),(23,40,3),(28,40,4),(45,40,5),
Queue 0:(42,13,4) (50,18,1) 
Queue 1:(18,14,2) 
Queue 2:(4,17,2) 
Queue 3:closed 
Queue 4:(40,12,3) (43,18,4) 
Time:20
Waiting clients:(27,20,7),(37,20,6),(39,23,1),(48,25,2),(1,27,2),(25,27,1),(14,29,7),(30,29,6),(38,29,6),(6,31,2),(16,31,3),(26,31,6),(47,31,3),(15,32,6),(29,32,6),(33,33,5),(2,35,2),(32,35,2),(5,36,1),(35,37,7),(46,37,3),(49,37,4),(7,39,6),(36,39,2),(13,40,6),(23,40,3),(28,40,4),(45,40,5),
Queue 0:(42,13,3) (50,18,1) 
Queue 1:(18,14,1) (20,19,1) 
Queue 2:(4,17,1) 
Queue 3:closed 
Queue 4:(40,12,2) (43,18,4) 
Time:21
Waiting clients:(39,23,1),(48,25,2),(1,27,2),(25,27,1),(14,29,7),(30,29,6),(38,29,6),(6,31,2),(16,31,3),(26,31,6),(47,31,3),(15,32,6),(29,32,6),(33,33,5),(2,35,2),(32,35,2),(5,36,1),(35,37,7),(46,37,3),(49,37,4),(7,39,6),(36,39,2),(13,40,6),(23,40,3),(28,40,4),(45,40,5),
Queue 0:(42,13,2) (50,18,1) 
Queue 1:(20,19,1) 
Queue 2:(27,20,7) 
Queue 3:(37,20,6) 
Queue 4:(40,12,1) (43,18,4) 
Time:22
Waiting clients:(39,23,1),(48,25,2),(1,27,2),(25,27,1),(14,29,7),(30,29,6),(38,29,6),(6,31,2),(16,31,3),(26,31,6),(47,31,3),(15,32,6),(29,32,6),(33,33,5),(2,35,2),(32,35,2),(5,36,1),(35,37,7),(46,37,3),(49,37,4),(7,39,6),(36,39,2),(13,40,6),(23,40,3),(28,40,4),(45,40,5),
Queue 0:(42,13,1) (50,18,1) 
Queue 1:closed 
Queue 2:(27,20,6) 
Queue 3:(37,20,5) 
Queue 4:(43,18,4) 
Time:23
Waiting clients:(39,23,1),(48,25,2),(1,27,2),(25,27,1),(14,29,7),(30,29,6),(38,29,6),(6,31,2),(16,31,3),(26,31,6),(47,31,3),(15,32,6),(29,32,6),(33,33,5),(2,35,2),(32,35,2),(5,36,1),(35,37,7),(46,37,3),(49,37,4),(7,39,6),(36,39,2),(13,40,6),(23,40,3),(28,40,4),(45,40,5),
Queue 0:(50,18,1) 
Queue 1:closed 
Queue 2:(27,20,5) 
Queue 3:(37,20,4) 
Queue 4:(43,18,3) 
Time:24
Waiting clients:(48,25,2),(1,27,2),(25,27,1),(14,29,7),(30,29,6),(38,29,6),(6,31,2),(16,31,3),(26,31,6),(47,31,3),(15,32,6),(29,32,6),(33,33,5),(2,35,2),(32,35,2),(5,36,1),(35,37,7),(46,37,3),(49,37,4),(7,39,6),(36,39,2),(13,40,6),(23,40,3),(28,40,4),(45,40,5),
Queue 0:closed 
Queue 1:closed 
Queue 2:(27,20,4) 
Queue 3:(37,20,3) 
Queue 4:(43,18,2) (39,23,1) 
Time:25
Waiting clients:(48,25,2),(1,27,2),(25,27,1),(14,29,7),(30,29,6),(38,29,6),(6,31,2),(16,31,3),(26,31,6),(47,31,3),(15,32,6),(29,32,6),(33,33,5),(2,35,2),(32,35,2),(5,36,1),(35,37,7),(46,37,3),(49,37,4),(7,39,6),(36,39,2),(13,40,6),(23,40,3),(28,40,4),(45,40,5),
Queue 0:closed 
Queue 1:closed 
Queue 2:(27,20,3) 
Queue 3:(37,20,2) 
Queue 4:(43,18,1) (39,23,1) 
Time:26
Waiting clients:(1,27,2),(25,27,1),(14,29,7),(30,29,6),(38,29,6),(6,31,2),(16,31,3),(26,31,6),(47,31,3),(15,32,6),(29,32,6),(33,33,5),(2,35,2),(32,35,2),(5,36,1),(35,37,7),(46,37,3),(49,37,4),(7,39,6),(36,39,2),(13,40,6),(23,40,3),(28,40,4),(45,40,5),
Queue 0:(48,25,2) 
Queue 1:closed 
Queue 2:(27,20,2) 
Queue 3:(37,20,1) 
Queue 4:(39,23,1) 
Time:27
Waiting clients:(1,27,2),(25,27,1),(14,29,7),(30,29,6),(38,29,6),(6,31,2),(16,31,3),(26,31,6),(47,31,3),(15,32,6),(29,32,6),(33,33,5),(2,35,2),(32,35,2),(5,36,1),(35,37,7),(46,37,3),(49,37,4),(7,39,6),(36,39,2),(13,40,6),(23,40,3),(28,40,4),(45,40,5),
Queue 0:(48,25,1) 
Queue 1:closed 
Queue 2:(27,20,1) 
Queue 3:closed 
Queue 4:closed 
Time:28
Waiting clients:(14,29,7),(30,29,6),(38,29,6),(6,31,2),(16,31,3),(26,31,6),(47,31,3),(15,32,6),(29,32,6),(33,33,5),(2,35,2),(32,35,2),(5,36,1),(35,37,7),(46,37,3),(49,37,4),(7,39,6),(36,39,2),(13,40,6),(23,40,3),(28,40,4),(45,40,5),
Queue 0:closed 
Queue 1:(1,27,2) 
Queue 2:(25,27,1) 
Queue 3:closed 
Queue 4:closed 
Time:29
Waiting clients:(14,29,7),(30,29,6),(38,29,6),(6,31,2),(16,31,3),(26,31,6),(47,31,3),(15,32,6),(29,32,6),(33,33,5),(2,35,2),(32,35,2),(5,36,1),(35,37,7),(46,37,3),(49,37,4),(7,39,6),(36,39,2),(13,40,6),(23,40,3),(28,40,4),(45,40,5),
Queue 0:closed 
Queue 1:(1,27,1) 
Queue 2:closed 
Queue 3:closed 
Queue 4:closed 
Time:30
Waiting clients:(6,31,2),(16,31,3),(26,31,6),(47,31,3),(15,32,6),(29,32,6),(33,33,5),(2,35,2),(32,35,2),(5,36,1),(35,37,7),(46,37,3),(49,37,4),(7,39,6),(36,39,2),(13,40,6),(23,40,3),(28,40,4),(45,40,5),
Queue 0:(38,29,6) 
Queue 1:closed 
Queue 2:closed 
Queue 3:(14,29,7) 
Queue 4:(30,29,6) 
Time:31
Waiting clients:(6,31,2),(16,31,3),(26,31,6),(47,31,3),(15,32,6),(29,32,6),(33,33,5),(2,35,2),(32,35,2),(5,36,1),(35,37,7),(46,37,3),(49,37,4),(7,39,6),(36,39,2),(13,40,6),(23,40,3),(28,40,4),(45,40,5),
Queue 0:(38,29,5) 
Queue 1:closed 
Queue 2:closed 
Queue 3:(14,29,6) 
Queue 4:(30,29,5) 
Time:32
Waiting clients:(15,32,6),(29,32,6),(33,33,5),(2,35,2),(32,35,2),(5,36,1),(35,37,7),(46,37,3),(49,37,4),(7,39,6),(36,39,2),(13,40,6),(23,40,3),(28,40,4),(45,40,5),
Queue 0:(38,29,4) 
Queue 1:(6,31,2) 
Queue 2:(16,31,3) 
Queue 3:(14,29,5) (26,31,6) 
Queue 4:(30,29,4) (47,31,3) 
Time:33
Waiting clients:(33,33,5),(2,35,2),(32,35,2),(5,36,1),(35,37,7),(46,37,3),(49,37,4),(7,39,6),(36,39,2),(13,40,6),(23,40,3),(28,40,4),(45,40,5),
Queue 0:(38,29,3) (15,32,6) 
Queue 1:(6,31,1) (29,32,6) 
Queue 2:(16,31,2) 
Queue 3:(14,29,4) (26,31,6) 
Queue 4:(30,29,3) (47,31,3) 
Time:34
Waiting clients:(2,35,2),(32,35,2),(5,36,1),(35,37,7),(46,37,3),(49,37,4),(7,39,6),(36,39,2),(13,40,6),(23,40,3),(28,40,4),(45,40,5),
Queue 0:(38,29,2) (15,32,6) 
Queue 1:(29,32,6) 
Queue 2:(16,31,1) (33,33,5) 
Queue 3:(14,29,3) (26,31,6) 
Queue 4:(30,29,2) (47,31,3) 
Time:35
Waiting clients:(2,35,2),(32,35,2),(5,36,1),(35,37,7),(46,37,3),(49,37,4),(7,39,6),(36,39,2),(13,40,6),(23,40,3),(28,40,4),(45,40,5),
Queue 0:(38,29,1) (15,32,6) 
Queue 1:(29,32,5) 
Queue 2:(33,33,5) 
Queue 3:(14,29,2) (26,31,6) 
Queue 4:(30,29,1) (47,31,3) 
Time:36
Waiting clients:(5,36,1),(35,37,7),(46,37,3),(49,37,4),(7,39,6),(36,39,2),(13,40,6),(23,40,3),(28,40,4),(45,40,5),
Queue 0:(15,32,6) 
Queue 1:(29,32,4) 
Queue 2:(33,33,4) 
Queue 3:(14,29,1) (26,31,6) (2,35,2) 
Queue 4:(47,31,3) (32,35,2) 
Time:37
Waiting clients:(35,37,7),(46,37,3),(49,37,4),(7,39,6),(36,39,2),(13,40,6),(23,40,3),(28,40,4),(45,40,5),
Queue 0:(15,32,5) (5,36,1) 
Queue 1:(29,32,3) 
Queue 2:(33,33,3) 
Queue 3:(26,31,6) (2,35,2) 
Queue 4:(47,31,2) (32,35,2) 
Time:38
Waiting clients:(7,39,6),(36,39,2),(13,40,6),(23,40,3),(28,40,4),(45,40,5),
Queue 0:(15,32,4) (5,36,1) 
Queue 1:(29,32,2) (35,37,7) 
Queue 2:(33,33,2) (46,37,3) 
Queue 3:(26,31,5) (2,35,2) (49,37,4) 
Queue 4:(47,31,1) (32,35,2) 
Time:39
Waiting clients:(7,39,6),(36,39,2),(13,40,6),(23,40,3),(28,40,4),(45,40,5),
Queue 0:(15,32,3) (5,36,1) 
Queue 1:(29,32,1) (35,37,7) 
Queue 2:(33,33,1) (46,37,3) 
Queue 3:(26,31,4) (2,35,2) (49,37,4) 
Queue 4:(32,35,2) 
Time:40
Waiting clients:(13,40,6),(23,40,3),(28,40,4),(45,40,5),
Queue 0:(15,32,2) (5,36,1) (36,39,2) 
Queue 1:(35,37,7) 
Queue 2:(46,37,3) 
Queue 3:(26,31,3) (2,35,2) (49,37,4) 
Queue 4:(32,35,1) (7,39,6) 
Time:41
Waiting clients:
Queue 0:(15,32,1) (5,36,1) (36,39,2) 
Queue 1:(35,37,6) (13,40,6) 
Queue 2:(46,37,2) (23,40,3) 
Queue 3:(26,31,2) (2,35,2) (49,37,4) (28,40,4) 
Queue 4:(7,39,6) (45,40,5) 
Time:42
Waiting clients:
Queue 0:(5,36,1) (36,39,2) 
Queue 1:(35,37,5) (13,40,6) 
Queue 2:(46,37,1) (23,40,3) 
Queue 3:(26,31,1) (2,35,2) (49,37,4) (28,40,4) 
Queue 4:(7,39,5) (45,40,5) 
Time:43
Waiting clients:
Queue 0:(36,39,2) 
Queue 1:(35,37,4) (13,40,6) 
Queue 2:(23,40,3) 
Queue 3:(2,35,2) (49,37,4) (28,40,4) 
Queue 4:(7,39,4) (45,40,5) 
Time:44
Waiting clients:
Queue 0:(36,39,1) 
Queue 1:(35,37,3) (13,40,6) 
Queue 2:(23,40,2) 
Queue 3:(2,35,1) (49,37,4) (28,40,4) 
Queue 4:(7,39,3) (45,40,5) 
Time:45
Waiting clients:
Queue 0:closed 
Queue 1:(35,37,2) (13,40,6) 
Queue 2:(23,40,1) 
Queue 3:(49,37,4) (28,40,4) 
Queue 4:(7,39,2) (45,40,5) 
Time:46
Waiting clients:
Queue 0:closed 
Queue 1:(35,37,1) (13,40,6) 
Queue 2:closed 
Queue 3:(49,37,3) (28,40,4) 
Queue 4:(7,39,1) (45,40,5) 
Time:47
Waiting clients:
Queue 0:closed 
Queue 1:(13,40,6) 
Queue 2:closed 
Queue 3:(49,37,2) (28,40,4) 
Queue 4:(45,40,5) 
Time:48
Waiting clients:
Queue 0:closed 
Queue 1:(13,40,5) 
Queue 2:closed 
Queue 3:(49,37,1) (28,40,4) 
Queue 4:(45,40,4) 
Time:49
Waiting clients:
Queue 0:closed 
Queue 1:(13,40,4) 
Queue 2:closed 
Queue 3:(28,40,4) 
Queue 4:(45,40,3) 
Time:50
Waiting clients:
Queue 0:closed 
Queue 1:(13,40,3) 
Queue 2:closed 
Queue 3:(28,40,3) 
Queue 4:(45,40,2) 
Time:51
Waiting clients:
Queue 0:closed 
Queue 1:(13,40,2) 
Queue 2:closed 
Queue 3:(28,40,2) 
Queue 4:(45,40,1) 
Time:52
Waiting clients:
Queue 0:closed 
Queue 1:(13,40,1) 
Queue 2:closed 
Queue 3:(28,40,1) 
Queue 4:closed 
Time:53
Waiting clients:
Queue 0:closed 
Queue 1:closed 
Queue 2:closed 
Queue 3:closed 
Queue 4:closed 
Time:54
Waiting clients:
Queue 0:closed 
Queue 1:closed 
Queue 2:closed 
Queue 3:closed 
Queue 4:closed 
Time:55
Waiting clients:
Queue 0:closed 
Queue 1:closed 
Queue 2:closed 
Queue 3:closed 
Queue 4:closed 
Time:56
Waiting clients:
Queue 0:closed 
Queue 1:closed 
Queue 2:closed 
Queue 3:closed 
Queue 4:closed 
Time:57
Waiting clients:
Queue 0:closed 
Queue 1:closed 
Queue 2:closed 
Queue 3:closed 
Queue 4:closed 
Time:58
Waiting clients:
Queue 0:closed 
Queue 1:closed 
Queue 2:closed 
Queue 3:closed 
Queue 4:closed 
Time:59
Waiting clients:
Queue 0:closed 
Queue 1:closed 
Queue 2:closed 
Queue 3:closed 
Queue 4:closed 
